6.302781750000000471e+01,2.255258596999999909e+01,3.960911700999999852e+01,4.047523153000000207e+01,9.867291674999999884e+01,-2.543999860000000224e-01,0.000000000000000000e+00
3.905695098000000343e+01,1.006099146999999938e+01,2.501537821999999878e+01,2.899595950999999872e+01,1.144054253999999986e+02,4.564258644999999781e+00,0.000000000000000000e+00
6.883202097999999580e+01,2.221848204999999865e+01,5.009219356999999917e+01,4.661353892999999715e+01,1.059851354999999984e+02,-3.530317313999999929e+00,0.000000000000000000e+00
6.929700807000000395e+01,2.465287791000000084e+01,4.431123812999999956e+01,4.464413016999999684e+01,1.018684950999999899e+02,1.121152344000000056e+01,0.000000000000000000e+00
4.971285934000000140e+01,9.652074879000000607e+00,2.831740599999999830e+01,4.006078446000000071e+01,1.081687249000000008e+02,7.918500615000000131e+00,0.000000000000000000e+00
4.025019968000000148e+01,1.392190657999999992e+01,2.512494960000000077e+01,2.632829311000000061e+01,1.303278712999999982e+02,2.230651728999999861e+00,0.000000000000000000e+00
5.343292815000000218e+01,1.586433612000000082e+01,3.716593387000000348e+01,3.756859202999999781e+01,1.205675233000000048e+02,5.988550702000000392e+00,0.000000000000000000e+00
4.536675361999999723e+01,1.075561143000000008e+01,2.903834896000000043e+01,3.461114218000000164e+01,1.172700675000000103e+02,-1.067587082999999915e+01,0.000000000000000000e+00
4.379019026000000281e+01,1.353375309999999843e+01,4.269081398000000149e+01,3.025643716000000083e+01,1.250028927000000181e+02,1.328901817000000030e+01,0.000000000000000000e+00
3.668635285999999951e+01,5.010884121000000135e+00,4.194875089999999318e+01,3.167546873999999946e+01,8.424141516999999624e+01,6.644371170000000770e-01,0.000000000000000000e+00
4.970660953000000148e+01,1.304097405000000087e+01,3.133450008999999881e+01,3.666563547999999884e+01,1.086482654000000139e+02,-7.825985754999999600e+00,0.000000000000000000e+00
3.123238733999999894e+01,1.771581923000000103e+01,1.550000000000000000e+01,1.351656810999999969e+01,1.200553987999999919e+02,4.997514459999999881e-01,0.000000000000000000e+00
4.891555137000000286e+01,1.996455616000000077e+01,4.026379357999999797e+01,2.895099520999999854e+01,1.193213580000000036e+02,8.028894628999999838e+00,0.000000000000000000e+00
5.357217020000000218e+01,2.046082824000000144e+01,3.310000000000000142e+01,3.311134195999999719e+01,1.109666977999999915e+02,7.044802937999999237e+00,0.000000000000000000e+00
5.730022655999999870e+01,2.418888460000000151e+01,4.699999998999999917e+01,3.311134195999999719e+01,1.168065868000000052e+02,5.766946942999999770e+00,0.000000000000000000e+00
4.431890674000000274e+01,1.253799163999999955e+01,3.609876299999999816e+01,3.178091509000000059e+01,1.241158357999999993e+02,5.415825142999999287e+00,0.000000000000000000e+00
6.383498162000000065e+01,2.036250705999999866e+01,5.455243366999999921e+01,4.347247456000000199e+01,1.123094915000000071e+02,-6.225266429999999351e-01,0.000000000000000000e+00
3.127601183999999890e+01,3.144669480000000128e+00,3.256299591999999876e+01,2.813134236000000143e+01,1.290114183000000025e+02,3.623020073000000174e+00,0.000000000000000000e+00
3.869791243000000236e+01,1.344474903999999960e+01,3.100000000000000000e+01,2.525316339000000099e+01,1.231592507000000012e+02,1.429185758000000028e+00,0.000000000000000000e+00
4.172996307999999743e+01,1.225407408000000054e+01,3.012258646000000084e+01,2.947588900000000223e+01,1.165857055999999830e+02,-1.244402487999999973e+00,0.000000000000000000e+00
4.392283983000000092e+01,1.417795852999999973e+01,3.783254670000000175e+01,2.974488130000000297e+01,1.344610155999999961e+02,6.451647637000000657e+00,0.000000000000000000e+00
5.491944259000000272e+01,2.106233244999999954e+01,4.219999999000000201e+01,3.385711014000000318e+01,1.252127162999999967e+02,2.432561436999999938e+00,0.000000000000000000e+00
6.307361096000000344e+01,2.441380270999999880e+01,5.399999998999999917e+01,3.865980824999999754e+01,1.064243294999999989e+02,1.577969683000000067e+01,0.000000000000000000e+00
4.554078987999999839e+01,1.306959759000000076e+01,3.029832058999999944e+01,3.247119228999999763e+01,1.179808303000000080e+02,-4.987129617999999986e+00,0.000000000000000000e+00
3.612568346999999847e+01,2.275875277000000096e+01,2.900000000000000000e+01,1.336693069999999928e+01,1.155771163000000001e+02,-3.237562488999999655e+00,0.000000000000000000e+00
5.412492018999999743e+01,2.665048855999999944e+01,3.532974692999999888e+01,2.747443163000000155e+01,1.214470110000000034e+02,1.571204815999999838e+00,0.000000000000000000e+00
2.614792140999999859e+01,1.075945356999999980e+01,1.400000000000000000e+01,1.538846782999999974e+01,1.252032956000000041e+02,-1.009310817000000071e+01,0.000000000000000000e+00
4.358096393999999663e+01,1.650888369999999838e+01,4.699999998999999917e+01,2.707208023999999824e+01,1.092716340000000059e+02,8.992815726999999981e+00,0.000000000000000000e+00
4.455101150000000132e+01,2.193114655000000113e+01,2.678591597000000135e+01,2.261986495000000019e+01,1.110729196999999857e+02,2.652320635999999787e+00,0.000000000000000000e+00
6.687921138000000099e+01,2.489199888999999999e+01,4.927859672999999674e+01,4.198721249999999827e+01,1.134770182999999975e+02,-2.005891748000000252e+00,0.000000000000000000e+00
5.081926780999999949e+01,1.540221252999999990e+01,4.252893885999999668e+01,3.541705527999999958e+01,1.121928040000000095e+02,1.086956553999999997e+01,0.000000000000000000e+00
4.639026007999999734e+01,1.107904663999999961e+01,3.213655345000000096e+01,3.531121344000000306e+01,9.877454633000000683e+01,6.386831647999999362e+00,0.000000000000000000e+00
4.493667457000000098e+01,1.744383762000000004e+01,2.778057554999999823e+01,2.749283695000000094e+01,1.179803245000000089e+02,5.569619587000000038e+00,0.000000000000000000e+00
3.866325708000000105e+01,1.298644138999999953e+01,3.999999998999999917e+01,2.567681568000000070e+01,1.249141179999999878e+02,2.703008051999999939e+00,0.000000000000000000e+00
5.959554031999999779e+01,3.199824445000000139e+01,4.656025197999999676e+01,2.759729586999999995e+01,1.193303537000000034e+02,1.474285835999999961e+00,0.000000000000000000e+00
3.148421834000000175e+01,7.826221340000000026e+00,2.428481814999999955e+01,2.365799700000000172e+01,1.138331445999999971e+02,4.393080497999999778e+00,0.000000000000000000e+00
3.209098679000000232e+01,6.989378080999999909e+00,3.599819847999999922e+01,2.510160871000000071e+01,1.322647350000000017e+02,6.413427707999999505e+00,0.000000000000000000e+00
3.570345781000000329e+01,1.944325311000000056e+01,2.069999999999999929e+01,1.626020471000000001e+01,1.375406125000000088e+02,-2.634896509999999914e-01,0.000000000000000000e+00
5.584328595000000206e+01,2.884744755999999910e+01,4.769054322000000212e+01,2.699583838999999941e+01,1.233118448999999970e+02,2.812426855000000003e+00,0.000000000000000000e+00
5.241938511000000034e+01,1.901156051999999974e+01,3.587265952999999996e+01,3.340782458999999704e+01,1.165597709000000037e+02,1.694705101999999908e+00,0.000000000000000000e+00
3.549244617000000090e+01,1.170167230000000202e+01,1.559036344999999990e+01,2.379077386999999888e+01,1.069388517000000007e+02,-3.460357991000000411e+00,0.000000000000000000e+00
4.644207842000000142e+01,8.395035890000000833e+00,2.903723019999999622e+01,3.804704252999999881e+01,1.154814046999999988e+02,2.045475795000000208e+00,0.000000000000000000e+00
5.385479842000000161e+01,1.923064334000000031e+01,3.277905977999999720e+01,3.462415508000000131e+01,1.216709148000000056e+02,5.329843203999999446e+00,0.000000000000000000e+00
6.628539376999999888e+01,2.632784484000000091e+01,4.749999998999999917e+01,3.995754893000000152e+01,1.212196839000000210e+02,-7.996244690000000599e-01,0.000000000000000000e+00
5.603021778000000097e+01,1.629791490000000209e+01,6.227527455999999972e+01,3.973230286999999805e+01,1.140231172000000015e+02,-2.325683841000000029e+00,0.000000000000000000e+00
5.091244034000000340e+01,2.301516931000000099e+01,4.699999998999999917e+01,2.789727102999999886e+01,1.174222591000000051e+02,-2.526701510999999734e+00,0.000000000000000000e+00
4.833263800000000288e+01,2.222778398999999894e+01,3.618199317999999920e+01,2.610485401000000039e+01,1.173846250999999938e+02,6.481709096000000336e+00,0.000000000000000000e+00
4.135250407000000195e+01,1.657736351000000141e+01,3.070619135000000099e+01,2.477514057000000136e+01,1.132666746000000018e+02,-4.497957556000000245e+00,0.000000000000000000e+00
4.055735663000000102e+01,1.797778406999999845e+01,3.400000000000000000e+01,2.257957255999999902e+01,1.210462457999999799e+02,-1.537383074000000072e+00,0.000000000000000000e+00
4.176773173000000128e+01,1.789940172000000018e+01,2.003088630000000236e+01,2.386833001000000110e+01,1.183633888999999897e+02,2.062962548999999868e+00,0.000000000000000000e+00
5.528585178000000155e+01,2.044011835999999960e+01,3.400000000000000000e+01,3.484573342000000196e+01,1.158770174000000139e+02,3.558372358000000180e+00,0.000000000000000000e+00
7.443359316000000092e+01,4.155733141000000330e+01,2.769999999999999929e+01,3.287626174999999762e+01,1.079493044999999967e+02,5.000088788000000228e+00,0.000000000000000000e+00
5.020966978999999952e+01,2.976012217999999976e+01,3.610400731000000007e+01,2.044954760999999976e+01,1.282925147999999922e+02,5.740614082999999646e+00,0.000000000000000000e+00
3.014993631999999835e+01,1.191744523999999927e+01,3.400000000000000000e+01,1.823249107999999907e+01,1.126841408000000087e+02,1.146322327000000030e+01,0.000000000000000000e+00
4.117167989000000006e+01,1.732120598999999928e+01,3.346940277000000208e+01,2.385047391000000161e+01,1.163778894000000150e+02,-9.569249857999999165e+00,0.000000000000000000e+00
4.765772962999999862e+01,1.327738491000000032e+01,3.667998541000000046e+01,3.438034471999999653e+01,9.824978070999999602e+01,6.273012172999999692e+00,0.000000000000000000e+00
4.334960620999999747e+01,7.467468964000000042e+00,2.806548279000000079e+01,3.588213724999999954e+01,1.127761865999999884e+02,5.753277457999999456e+00,0.000000000000000000e+00
4.685578064999999981e+01,1.535151392999999942e+01,3.800000000000000000e+01,3.150426672000000039e+01,1.162509174000000058e+02,1.662705588999999984e+00,0.000000000000000000e+00
4.320318498999999690e+01,1.966314571999999927e+01,3.500000000000000000e+01,2.354003927000000118e+01,1.248461087999999961e+02,-2.919075954999999833e+00,0.000000000000000000e+00
4.810923637999999869e+01,1.493072472000000062e+01,3.556468277999999827e+01,3.317851165999999807e+01,1.240564517999999907e+02,7.947904861000000487e+00,0.000000000000000000e+00
7.437767771999999411e+01,3.205310438000000062e+01,7.877201304000000448e+01,4.232457334000000060e+01,1.435606904999999927e+02,5.612590603000000300e+01,1.000000000000000000e+00
8.968056731000000070e+01,3.270443487000000005e+01,8.313073215999999377e+01,5.697613244000000066e+01,1.299554764000000091e+02,9.202727681999999731e+01,1.000000000000000000e+00
4.452905100000000260e+01,9.433234212999998647e+00,5.199999998999999917e+01,3.509581679000000065e+01,1.347117723000000353e+02,2.910657503999999918e+01,1.000000000000000000e+00
7.769057712000000038e+01,2.138064463999999987e+01,6.442944190999999421e+01,5.630993248000000051e+01,1.148187510000000060e+02,2.693184095000000156e+01,1.000000000000000000e+00
7.614721209999999019e+01,2.193618555999999842e+01,8.296150249000000088e+01,5.421102653999999887e+01,1.239320095999999864e+02,1.043197194000000039e+01,1.000000000000000000e+00
8.393300856999999837e+01,4.128630542999999875e+01,6.199999998999999917e+01,4.264670313999999962e+01,1.150123340000000098e+02,2.658810015999999976e+01,1.000000000000000000e+00
7.849173027000000502e+01,2.218179780000000179e+01,5.999999998999999917e+01,5.630993248000000051e+01,1.185303265999999809e+02,2.738321313999999873e+01,1.000000000000000000e+00
7.564973136000000409e+01,1.933979889000000085e+01,6.414868477000000269e+01,5.630993248000000051e+01,9.590362879999999279e+01,6.955130291999999770e+01,1.000000000000000000e+00
7.207627838999999881e+01,1.894617604000000100e+01,5.099999998999999917e+01,5.313010236000000219e+01,1.142130125999999990e+02,1.010040510000000058e+00,1.000000000000000000e+00
5.859952851999999979e+01,-2.614990460000000128e-01,5.149999998999999917e+01,5.886102755999999658e+01,1.020428115999999932e+02,2.805969710999999833e+01,1.000000000000000000e+00
7.256070162999999695e+01,1.738519078999999934e+01,5.199999998999999917e+01,5.517551084000000117e+01,1.191937237999999866e+02,3.210853734999999887e+01,1.000000000000000000e+00
8.690079430999999488e+01,3.292816769999999593e+01,4.779434664000000055e+01,5.397262660999999895e+01,1.350753635000000088e+02,1.017190919000000093e+02,1.000000000000000000e+00
8.497413208000000395e+01,3.302117461999999648e+01,6.085987262999999814e+01,5.195295747000000119e+01,1.256595335999999890e+02,7.433340864000000181e+01,1.000000000000000000e+00
5.551221199999999811e+01,2.009515672999999936e+01,4.399999998999999917e+01,3.541705527999999958e+01,1.226487529999999992e+02,3.455294640999999700e+01,1.000000000000000000e+00
7.222233429999999998e+01,2.307771055999999987e+01,9.099999999000000628e+01,4.914462374000000011e+01,1.377366545999999801e+02,5.680409276999999690e+01,1.000000000000000000e+00
7.022145218999999372e+01,3.982272447999999798e+01,6.811840309000000104e+01,3.039872770999999929e+01,1.485255624000000125e+02,1.453781431999999825e+02,1.000000000000000000e+00
8.675360946000000695e+01,3.604301631999999955e+01,6.922104478999999344e+01,5.071059314000000029e+01,1.394145039999999938e+02,1.108607824000000051e+02,1.000000000000000000e+00
5.878254774999999910e+01,7.667044186000000039e+00,5.333894081999999770e+01,5.111550357000000133e+01,9.850115696999999670e+01,5.158412476000000169e+01,1.000000000000000000e+00
6.741253785000000676e+01,1.744279712000000160e+01,6.014464035999999680e+01,4.996974072999999805e+01,1.111239699999999999e+02,3.315764572999999871e+01,1.000000000000000000e+00
4.774467877000000016e+01,1.208935066999999997e+01,3.899999998999999917e+01,3.565532809999999841e+01,1.175120039000000105e+02,2.168240136000000007e+01,1.000000000000000000e+00
7.710657122000000641e+01,3.046999418000000048e+01,6.948062839000000679e+01,4.663657703999999882e+01,1.121516000000000020e+02,7.075908307999999636e+01,1.000000000000000000e+00
7.400554123999999945e+01,2.112240192000000150e+01,5.737950226000000242e+01,5.288313931999999795e+01,1.202059625999999923e+02,7.455516588000000411e+01,1.000000000000000000e+00
8.862390838999999687e+01,2.908945330999999968e+01,4.756426247000000274e+01,5.953445508000000075e+01,1.217647795999999829e+02,5.180589920999999975e+01,1.000000000000000000e+00
8.110410038999999927e+01,2.479416791999999958e+01,7.788702048000000389e+01,5.630993246999999968e+01,1.518398565999999903e+02,6.521461610999999436e+01,1.000000000000000000e+00
7.632600186999999892e+01,4.239620444999999904e+01,5.719999999000000201e+01,3.392979741999999987e+01,1.242670070000000067e+02,5.012745688999999771e+01,1.000000000000000000e+00
4.544374959000000302e+01,9.906071797999999262e+00,4.499999998999999917e+01,3.553767778999999649e+01,1.630710405000000094e+02,2.031531531999999984e+01,1.000000000000000000e+00
5.978526526000000274e+01,1.787932332000000102e+01,5.920646142999999739e+01,4.190594193999999817e+01,1.193191109000000125e+02,2.212386873999999892e+01,1.000000000000000000e+00
4.491414916000000090e+01,1.021899563000000022e+01,4.463091389000000220e+01,3.469515352999999891e+01,1.300756599000000051e+02,3.736453992999999940e+01,1.000000000000000000e+00
5.660577126999999820e+01,1.680020017000000010e+01,4.199999998999999917e+01,3.980557109000000082e+01,1.272945222000000030e+02,2.401857470000000205e+01,1.000000000000000000e+00
7.118681114999999693e+01,2.389620110999999980e+01,4.369666510000000414e+01,4.729061003999999713e+01,1.198649382999999915e+02,2.728398450999999980e+01,1.000000000000000000e+00
8.165603206000000114e+01,2.874886934999999966e+01,5.823282054999999957e+01,5.290716270000000065e+01,1.147698555999999854e+02,3.060914842000000036e+01,1.000000000000000000e+00
7.095272771000000489e+01,2.015993120999999988e+01,6.285910914000000105e+01,5.079279650000000146e+01,1.161779324999999972e+02,3.252233100000000121e+01,1.000000000000000000e+00
8.535231529000000705e+01,1.584491006000000013e+01,7.166865979000000664e+01,6.950740523000000337e+01,1.244197874999999982e+02,7.602060340000001304e+01,1.000000000000000000e+00
5.810193455000000284e+01,1.483763914000000028e+01,7.964983825000000195e+01,4.326429541000000256e+01,1.135876550999999921e+02,5.023787808000000155e+01,1.000000000000000000e+00
9.417482232000000408e+01,1.538076983000000020e+01,6.770572131999999499e+01,7.879405248999999856e+01,1.148901127999999972e+02,5.325522003999999754e+01,1.000000000000000000e+00
5.752235608000000155e+01,3.364707521999999784e+01,5.090985840999999823e+01,2.387528084999999933e+01,1.409817118999999934e+02,1.487537109000000157e+02,1.000000000000000000e+00
9.665731510999999898e+01,1.946158116999999876e+01,9.021149828000000070e+01,7.719573393000000294e+01,1.206730408000000097e+02,6.408099841000000652e+01,1.000000000000000000e+00
7.472074621999999522e+01,1.975694203000000115e+01,8.273535954000000459e+01,5.496380418999999762e+01,1.093565940999999810e+02,3.330606685000000056e+01,1.000000000000000000e+00
7.765511874000000603e+01,2.243295010000000289e+01,9.389277880999999581e+01,5.522216862999999876e+01,1.230557067000000018e+02,6.121118660000000489e+01,1.000000000000000000e+00
5.852162282999999832e+01,1.392228609000000006e+01,4.146785521999999702e+01,4.459933673999999826e+01,1.155147979999999990e+02,3.038798389999999827e+01,1.000000000000000000e+00
8.458560710000000427e+01,3.036168482000000068e+01,6.547948562999999922e+01,5.422392227999999648e+01,1.080102185000000077e+02,2.511847845999999862e+01,1.000000000000000000e+00
7.993857026000000587e+01,1.877407110000000046e+01,6.331183485999999760e+01,6.116449914999999748e+01,1.147871070000000060e+02,3.853874133000000057e+01,1.000000000000000000e+00
7.039930841999999700e+01,1.346998624000000078e+01,6.119999999000000201e+01,5.692932217999999978e+01,1.023375244000000066e+02,2.553842852000000008e+01,1.000000000000000000e+00
4.978212054000000109e+01,6.466804859999999877e+00,5.299999998999999917e+01,4.331531567999999766e+01,1.108647830999999968e+02,2.533564729000000071e+01,1.000000000000000000e+00
7.740933293999999876e+01,2.939654542999999975e+01,6.323230242999999717e+01,4.801278750000000173e+01,1.184507310999999987e+02,9.356373734000000297e+01,1.000000000000000000e+00
6.500796425999999428e+01,2.760260762000000057e+01,5.094751898999999895e+01,3.740535663000000000e+01,1.165811087999999955e+02,7.015977883999999776e+00,1.000000000000000000e+00
6.501377322000000447e+01,9.838262374999999338e+00,5.773583722000000051e+01,5.517551084000000117e+01,9.473852542000000199e+01,4.969695461999999964e+01,1.000000000000000000e+00
7.842595126000000505e+01,3.342595125999999794e+01,7.627743927000000213e+01,4.500000000000000000e+01,1.385541111000000001e+02,7.715517241000000581e+01,1.000000000000000000e+00
6.317298708999999945e+01,6.330910974000000024e+00,6.299999998999999917e+01,5.684207612000000154e+01,1.106440206000000046e+02,4.260807566999999807e+01,1.000000000000000000e+00
6.861300092000000461e+01,1.508223530000000068e+01,6.301469619000000222e+01,5.353076561000000311e+01,1.234311742000000152e+02,3.949798658999999645e+01,1.000000000000000000e+00
6.390063261000000239e+01,1.370620369999999788e+01,6.212433389000000261e+01,5.019442890999999918e+01,1.141292425000000037e+02,4.142282844000000352e+01,1.000000000000000000e+00
8.499895553999999720e+01,2.961009771999999884e+01,8.335219438000000025e+01,5.538885781999999836e+01,1.269129898999999995e+02,7.132117542000000299e+01,1.000000000000000000e+00
4.202138603000000217e+01,-6.554948347000000730e+00,6.789999998999999775e+01,4.857633436999999788e+01,1.115857819000000148e+02,2.733867086000000057e+01,1.000000000000000000e+00
6.975666531999999620e+01,1.927929659000000129e+01,4.849999998999999917e+01,5.047736873000000202e+01,9.649136982000000273e+01,5.116964029999999752e+01,1.000000000000000000e+00
8.098807440999999585e+01,3.684317181000000119e+01,8.696060151000000360e+01,4.414490260000000177e+01,1.410881493999999918e+02,8.587215224000000546e+01,1.000000000000000000e+00
1.298340406000000087e+02,8.404475005000000110e+00,4.838405705000000268e+01,1.214295655999999894e+02,1.076904659999999865e+02,4.185430821000000492e+02,1.000000000000000000e+00
7.048410443999999586e+01,1.248948764999999916e+01,6.241714207999999786e+01,5.799461679000000203e+01,1.141900487999999854e+02,5.690244778999999653e+01,1.000000000000000000e+00
8.604127981999999975e+01,3.875066978000000262e+01,4.787140493999999791e+01,4.729061003999999713e+01,1.220929535999999871e+02,6.198827708999999686e+01,1.000000000000000000e+00
6.553600255000000629e+01,2.415748725999999991e+01,4.577516991000000246e+01,4.137851529999999656e+01,1.364403015000000039e+02,1.637808563999999834e+01,1.000000000000000000e+00
6.075389350000000377e+01,1.575389350000000022e+01,4.319915767999999900e+01,4.500000000000000000e+01,1.130533309000000060e+02,3.169354839000000013e+01,1.000000000000000000e+00
5.474177517999999765e+01,1.209507205000000063e+01,4.099999998999999917e+01,4.264670313999999962e+01,1.176432188000000139e+02,4.038232659999999896e+01,1.000000000000000000e+00
8.387994080999999369e+01,2.307742685999999921e+01,8.714151223000000357e+01,6.080251394999999803e+01,1.246460723000000002e+02,8.055560527000000093e+01,1.000000000000000000e+00
8.007491417999999328e+01,4.806953097000000241e+01,5.240343872999999775e+01,3.200538320999999797e+01,1.107099121000000110e+02,6.772731595000000482e+01,1.000000000000000000e+00
6.566534697999999537e+01,1.054067532999999912e+01,5.648913544999999914e+01,5.512467165999999708e+01,1.091627767999999890e+02,5.393202005999999926e+01,1.000000000000000000e+00
7.471722805000000278e+01,1.432167878999999999e+01,3.250000000000000000e+01,6.039554926000000279e+01,1.071822176000000013e+02,3.701708012000000281e+01,1.000000000000000000e+00
4.806062648999999709e+01,5.687032126000000076e+00,5.705716117000000054e+01,4.237359435999999846e+01,9.544375748999999587e+01,3.283587701999999808e+01,1.000000000000000000e+00
7.067689817999999491e+01,2.170440224000000029e+01,5.918116082000000233e+01,4.897249594000000172e+01,1.030083545000000100e+02,2.781014779999999931e+01,1.000000000000000000e+00
8.043342782000000568e+01,1.699847899999999967e+01,6.653601752999999519e+01,6.343494882000000246e+01,1.164389807000000019e+02,5.778125000000000000e+01,1.000000000000000000e+00
9.051396072000000004e+01,2.827250131999999994e+01,6.981394229999999368e+01,6.224145940000000365e+01,1.008921595999999852e+02,5.882364821000000177e+01,1.000000000000000000e+00
7.723689751999999942e+01,1.673762213999999915e+01,4.977553438000000341e+01,6.049927538000000027e+01,1.106903772000000146e+02,3.978715420000000336e+01,1.000000000000000000e+00
5.006678595000000342e+01,9.120340182999999712e+00,3.216846266999999671e+01,4.094644576999999686e+01,9.971245317999999713e+01,2.676669654999999892e+01,1.000000000000000000e+00
6.978100616999999772e+01,1.377746531000000019e+01,5.799999998999999917e+01,5.600354085000000026e+01,1.189306655999999975e+02,1.791456046000000057e+01,1.000000000000000000e+00
6.962628302000000247e+01,2.112275138000000041e+01,5.276659472000000051e+01,4.850353163999999850e+01,1.168030912999999913e+02,5.481686728999999758e+01,1.000000000000000000e+00
8.175441933000000461e+01,2.012346562000000105e+01,7.056044038000000285e+01,6.163095371000000000e+01,1.194250857000000110e+02,5.550688906999999972e+01,1.000000000000000000e+00
5.220469308999999924e+01,1.721267289000000034e+01,7.809496876999999415e+01,3.499202020000000601e+01,1.369725167999999940e+02,5.493913416000000183e+01,1.000000000000000000e+00
7.712134423999999910e+01,3.034987449999999853e+01,7.748108263999999679e+01,4.677146974000000057e+01,1.106111484000000189e+02,8.209360703999999487e+01,1.000000000000000000e+00
8.802449890000001176e+01,3.984466877999999923e+01,8.177447308000000703e+01,4.817983011999999832e+01,1.166015375999999861e+02,5.676608322999999956e+01,1.000000000000000000e+00
8.339660609000000591e+01,3.431098930999999652e+01,7.842329286999999738e+01,4.908561678000000228e+01,1.104665164000000175e+02,4.967209558999999786e+01,1.000000000000000000e+00
7.205403411999999719e+01,2.470073724999999953e+01,7.987401586000000009e+01,4.735329687000000121e+01,1.071723575999999838e+02,5.642615872999999738e+01,1.000000000000000000e+00
8.509550253999999825e+01,2.106989650999999952e+01,9.173479193000000009e+01,6.402560603999999955e+01,1.090623120000000057e+02,3.803283108000000112e+01,1.000000000000000000e+00
6.956348613999999486e+01,1.540113909999999997e+01,7.443849742999999819e+01,5.416234705000000105e+01,1.050673555999999849e+02,2.970121083000000084e+01,1.000000000000000000e+00
8.950494729999999777e+01,4.890365264999999795e+01,7.200342290000000389e+01,4.060129464999999982e+01,1.346342911999999785e+02,1.183533700999999922e+02,1.000000000000000000e+00
8.529017283000000305e+01,1.827888962999999833e+01,1.007442197999999962e+02,6.701128320000000826e+01,1.106607004999999901e+02,5.888494802000000305e+01,1.000000000000000000e+00
6.062621697000000154e+01,2.059595769999999959e+01,6.453526220999999907e+01,4.003025927000000195e+01,1.172255542000000190e+02,1.048592474000000152e+02,1.000000000000000000e+00
6.004417716999999755e+01,1.430965613999999952e+01,5.803886519000000277e+01,4.573452103000000335e+01,1.051316638999999924e+02,3.040913314999999884e+01,1.000000000000000000e+00
8.564378664000000185e+01,4.268919513000000165e+01,7.875066350000000170e+01,4.295459151000000020e+01,1.051440757999999960e+02,4.288742577000000011e+01,1.000000000000000000e+00
8.558171024000000671e+01,3.045703857999999897e+01,7.823137948999999480e+01,5.512467165999999708e+01,1.148660486999999932e+02,6.837612181999999450e+01,1.000000000000000000e+00
5.508076562000000109e+01,-3.759929871999999840e+00,5.599999998999999917e+01,5.884069549000000166e+01,1.099153668999999951e+02,3.177358317999999926e+01,1.000000000000000000e+00
6.575567895000000362e+01,9.832874230999999909e+00,5.082289501000000342e+01,5.592280472000000202e+01,1.043949585000000013e+02,3.930721246000000235e+01,1.000000000000000000e+00
7.924967118000000710e+01,2.394482470999999890e+01,4.079669829000000192e+01,5.530484647000000109e+01,9.862251165000000697e+01,3.670639539999999812e+01,1.000000000000000000e+00
8.111260488000000635e+01,2.069044355999999851e+01,6.068700588000000096e+01,6.042216132000000073e+01,9.401878338999999585e+01,4.051098228000000034e+01,1.000000000000000000e+00
4.803062379999999365e+01,3.969814743000000146e+00,5.834451923999999678e+01,4.406080905000000314e+01,1.253509624999999943e+02,3.500007784000000299e+01,1.000000000000000000e+00
6.340448057999999776e+01,1.411532726000000082e+01,4.813680561999999696e+01,4.928915332999999777e+01,1.119160074999999921e+02,3.178449498999999889e+01,1.000000000000000000e+00
5.728694488000000007e+01,1.514935009999999949e+01,6.399999998999999917e+01,4.213759476999999976e+01,1.167353868000000006e+02,3.034120327000000117e+01,1.000000000000000000e+00
4.118776971999999859e+01,5.792973871000000052e+00,4.286739150999999737e+01,3.539479584000000045e+01,1.033488801999999964e+02,2.766027668999999989e+01,1.000000000000000000e+00
6.680479631999999413e+01,1.455160170999999991e+01,7.208491177000000505e+01,5.225319461000000132e+01,8.245603816999999935e+01,4.168547360000000168e+01,1.000000000000000000e+00
7.947697809999999663e+01,2.673226754999999955e+01,7.065098188999999707e+01,5.274471055000000064e+01,1.185886690999999900e+02,6.170059823999999793e+01,1.000000000000000000e+00
4.421646445999999742e+01,1.507074500999999955e+00,4.611033908999999653e+01,4.270938996000000287e+01,1.086295665999999898e+02,4.281048066000000318e+01,1.000000000000000000e+00
5.703509717000000023e+01,3.457279899999999850e-01,4.919800262999999774e+01,5.668936917999999991e+01,1.030486975000000029e+02,5.216514502999999792e+01,1.000000000000000000e+00
6.427481758000000411e+01,1.250864276000000075e+01,6.870237672000000373e+01,5.176617482000000336e+01,9.525245420999999624e+01,3.940982611999999818e+01,1.000000000000000000e+00
9.202630795000000319e+01,3.539267395000000249e+01,7.741696348000000683e+01,5.663363399999999359e+01,1.157235300000000109e+02,5.805754155000000338e+01,1.000000000000000000e+00
6.726314926000000582e+01,7.194661095999999922e+00,5.169688681000000230e+01,6.006848816000000113e+01,9.780108540000000517e+01,4.213694325000000163e+01,1.000000000000000000e+00
1.181446547999999979e+02,3.844950126999999895e+01,5.083851954000000006e+01,7.969515352999999891e+01,8.102454059999999458e+01,7.404376736000000392e+01,1.000000000000000000e+00
1.159232605999999919e+02,3.751543601000000194e+01,7.679999999000000344e+01,7.840782459000000415e+01,1.046986032999999878e+02,8.119892711999999335e+01,1.000000000000000000e+00
5.394165808999999712e+01,9.306594428000000363e+00,4.310049819000000326e+01,4.463506366000000014e+01,1.243978210999999874e+02,2.508212659999999872e+01,1.000000000000000000e+00
8.370317740000001550e+01,2.026822857999999883e+01,7.711059790000000191e+01,6.343494882000000246e+01,1.254801739000000111e+02,6.927957099999999002e+01,1.000000000000000000e+00
5.699140382000000216e+01,6.874088969999999854e+00,5.700900516000000096e+01,5.011731484999999964e+01,1.099780449999999945e+02,3.681011056999999909e+01,1.000000000000000000e+00
7.234359433999999567e+01,1.642078962000000075e+01,5.986901238000000092e+01,5.592280472000000202e+01,7.008257485999999403e+01,1.207264426999999962e+01,1.000000000000000000e+00
9.538259648000000368e+01,2.482263130999999845e+01,9.515763273000000311e+01,7.055996516999999812e+01,8.930754659999999490e+01,5.766084134999999833e+01,1.000000000000000000e+00
4.425347645000000085e+01,1.101086714000000022e+00,3.800000000000000000e+01,4.315238973000000300e+01,9.827410704999999780e+01,2.391063540000000032e+01,1.000000000000000000e+00
6.480954139000000680e+01,1.517407795999999998e+01,5.883999352000000016e+01,4.963546343000000149e+01,1.116799610000000058e+02,2.140719844999999921e+01,1.000000000000000000e+00
7.840125389000000666e+01,1.404225970999999973e+01,7.969426258000000018e+01,6.435899417999999628e+01,1.047312342000000029e+02,1.239285326999999981e+01,1.000000000000000000e+00
5.666829281999999779e+01,1.345820342999999930e+01,4.376970977999999945e+01,4.321008939000000026e+01,9.369220862999999611e+01,2.110812135000000112e+01,1.000000000000000000e+00
5.082502875000000131e+01,9.064729049000000316e+00,5.629999999000000344e+01,4.176029970000000446e+01,7.899945411000000206e+01,2.304152434999999954e+01,1.000000000000000000e+00
6.141173701999999679e+01,2.538436364000000012e+01,3.909686926999999912e+01,3.602737339000000105e+01,1.034045970999999895e+02,2.184340687999999986e+01,1.000000000000000000e+00
5.656382381000000237e+01,8.961261610999999405e+00,5.257784638999999771e+01,4.760256220000000127e+01,9.877711505999999986e+01,5.070187325999999928e+01,1.000000000000000000e+00
6.702766447000000483e+01,1.328150220999999931e+01,6.615040333999999689e+01,5.374616225999999841e+01,1.007154129000000040e+02,3.398913550999999700e+01,1.000000000000000000e+00
8.081777144000000135e+01,1.923898065999999929e+01,6.164245116000000024e+01,6.157879077999999851e+01,8.947183445999999662e+01,4.416760200000000225e+01,1.000000000000000000e+00
8.065431956000000469e+01,2.634437939000000028e+01,6.089811834999999718e+01,5.430994016999999729e+01,1.201034928000000122e+02,5.246755184999999955e+01,1.000000000000000000e+00
6.872190981999999337e+01,4.943186359999999979e+01,6.805601240000000018e+01,1.929004622000000069e+01,1.250185168000000004e+02,5.469128927999999945e+01,1.000000000000000000e+00
3.790391014000000069e+01,4.479098959999999963e+00,2.471027447000000166e+01,3.342481117999999896e+01,1.578487989999999854e+02,3.360702660999999836e+01,1.000000000000000000e+00
6.462400798000000179e+01,1.522530262000000079e+01,6.763216653000000633e+01,4.939870535000000018e+01,9.029846799999999973e+01,3.132641123000000150e+01,1.000000000000000000e+00
7.543774786999999549e+01,3.153945398999999838e+01,8.959999999000000059e+01,4.389829387999999710e+01,1.068295898000000079e+02,5.496578902000000255e+01,1.000000000000000000e+00
7.100194075999999654e+01,3.751577195000000131e+01,8.453709256000000494e+01,3.348616882000000317e+01,1.251642324000000031e+02,6.777118982999999730e+01,1.000000000000000000e+00
8.105661087000000009e+01,2.080149216999999950e+01,9.178449512000000254e+01,6.025511870000000414e+01,1.254301760000000030e+02,3.818178175999999979e+01,1.000000000000000000e+00
9.146874146000000394e+01,2.450817744000000076e+01,8.462027202000000159e+01,6.696056402000000674e+01,1.173078967999999946e+02,5.262304672999999866e+01,1.000000000000000000e+00
8.108232024999999510e+01,2.125584028000000103e+01,7.876675638999999762e+01,5.982647997000000117e+01,9.007187998999999934e+01,4.915942600000000340e+01,1.000000000000000000e+00
6.041993199999999575e+01,5.265665421999999651e+00,5.981423560000000350e+01,5.515426657999999804e+01,1.090330745000000121e+02,3.026578534000000076e+01,1.000000000000000000e+00
8.568094951000000492e+01,3.865003526999999650e+01,8.268097744000000660e+01,4.703091424000000131e+01,1.208407069000000149e+02,6.195903427999999735e+01,1.000000000000000000e+00
8.240652430000000095e+01,2.927642194999999958e+01,7.705456488999999465e+01,5.313010235000000137e+01,1.170422439000000026e+02,6.276534831000000025e+01,1.000000000000000000e+00
4.371826229999999924e+01,9.811985314999999375e+00,5.199999998999999917e+01,3.390627699000000206e+01,8.843424213000000123e+01,4.088092252999999943e+01,1.000000000000000000e+00
8.647290500000001146e+01,4.030376566999999710e+01,6.114101155000000176e+01,4.616913933000000014e+01,9.740418879999998580e+01,5.575222146000000123e+01,1.000000000000000000e+00
7.446908181000000582e+01,3.328315665000000223e+01,6.694210105000000510e+01,4.118592516999999731e+01,1.464660009000000116e+02,1.249844056999999964e+02,1.000000000000000000e+00
7.025043628000000240e+01,1.034012251999999954e+01,7.637007031999999640e+01,5.991031376000000108e+01,1.192370071999999936e+02,3.266650243000000131e+01,1.000000000000000000e+00
7.264385013000000413e+01,1.892911726000000172e+01,6.799999999000000628e+01,5.371473286999999885e+01,1.169634161999999975e+02,2.538424675999999991e+01,1.000000000000000000e+00
7.124176387999999349e+01,5.268270453999999603e+00,8.599958417000000566e+01,6.597349341999999695e+01,1.107031070000000028e+02,3.825986370000000392e+01,1.000000000000000000e+00
6.377239079999999660e+01,1.276338484000000051e+01,6.536052424999999744e+01,5.100900596000000320e+01,8.982274067000000173e+01,5.599545385999999780e+01,1.000000000000000000e+00
5.882837872000000345e+01,3.757787320999999991e+01,1.257423854999999975e+02,2.125050550999999999e+01,1.356294176000000107e+02,1.173146829000000082e+02,1.000000000000000000e+00
7.485448008000000186e+01,1.390908416999999986e+01,6.269325883999999860e+01,6.094539590000000118e+01,1.152087007999999884e+02,3.317225512000000265e+01,1.000000000000000000e+00
7.529847847000000627e+01,1.667148360999999923e+01,6.129620362000000000e+01,5.862699486000000348e+01,1.188833881000000048e+02,3.157582292000000024e+01,1.000000000000000000e+00
6.336433897999999942e+01,2.002462133999999949e+01,6.749870506999999975e+01,4.333971763000000266e+01,1.309992575999999929e+02,3.755670552000000129e+01,1.000000000000000000e+00
6.751305266999999333e+01,3.327558989999999994e+01,9.628306168999999670e+01,3.423746278000000132e+01,1.456010328000000129e+02,8.830148594000000628e+01,1.000000000000000000e+00
7.631402765999999360e+01,4.193368293000000335e+01,9.328486279999999908e+01,3.438034471999999653e+01,1.322672854999999856e+02,1.012187827999999996e+02,1.000000000000000000e+00
7.363596235999999351e+01,9.711317947000001283e+00,6.299999998999999917e+01,6.392464441999999991e+01,9.872792981999999995e+01,2.697578722000000084e+01,1.000000000000000000e+00
5.653505138999999957e+01,1.437718927000000058e+01,4.499154663000000198e+01,4.215786211999999722e+01,1.017233343000000048e+02,2.577317356000000004e+01,1.000000000000000000e+00
8.011157156000000157e+01,3.394243223000000143e+01,8.510160772999999779e+01,4.616913933000000014e+01,1.255936236999999949e+02,1.002921067999999991e+02,1.000000000000000000e+00
9.548022872999999322e+01,4.655005317999999903e+01,5.899999998999999917e+01,4.893017555000000129e+01,9.668390336999999590e+01,7.728307194999999297e+01,1.000000000000000000e+00
7.409473083999999687e+01,1.882372712000000092e+01,7.603215570999999784e+01,5.527100372000000306e+01,1.284057314000000076e+02,7.338821617000000685e+01,1.000000000000000000e+00
8.767908663000000047e+01,2.036561331000000052e+01,9.382241589000000204e+01,6.731347332999999367e+01,1.209448287999999962e+02,7.673062903999999662e+01,1.000000000000000000e+00
4.825991961999999802e+01,1.641746235999999826e+01,3.632913708000000241e+01,3.184245725999999976e+01,9.488233606999999381e+01,2.834379914000000156e+01,1.000000000000000000e+00
3.850527283000000267e+01,1.696429691000000162e+01,3.511281406999999888e+01,2.154097592000000105e+01,1.276328747000000021e+02,7.986683227000000329e+00,2.000000000000000000e+00
5.492085751999999843e+01,1.896842952000000082e+01,5.160145540999999980e+01,3.595242800000000472e+01,1.258466462000000092e+02,2.001642471999999895e+00,2.000000000000000000e+00
4.436249017000000094e+01,8.945434891999999749e+00,4.690209626000000043e+01,3.541705527999999958e+01,1.292206820000000107e+02,4.994195288000000232e+00,2.000000000000000000e+00
4.831893050000000045e+01,1.745212104999999880e+01,4.799999998999999917e+01,3.086680945000000165e+01,1.289803079000000139e+02,-9.109405670000000343e-01,2.000000000000000000e+00
4.570178874999999863e+01,1.065985934999999962e+01,4.257784639999999854e+01,3.504192940000000078e+01,1.301783144000000050e+02,-3.388909990000000150e+00,2.000000000000000000e+00
3.074193812000000037e+01,1.335496593999999959e+01,3.590352596999999690e+01,1.738697218000000078e+01,1.424101071999999988e+02,-2.005372903000000040e+00,2.000000000000000000e+00
5.091310143999999838e+01,6.676999900000001098e+00,3.089652243000000098e+01,4.423610153999999994e+01,1.181515310000000056e+02,-1.057985525999999954e+00,2.000000000000000000e+00
3.812658854000000019e+01,6.557617407999999593e+00,5.044507473000000175e+01,3.156897113000000132e+01,1.321148050000000183e+02,6.338199338999999988e+00,2.000000000000000000e+00
5.162467182999999693e+01,1.596934373000000029e+01,3.500000000000000000e+01,3.565532809999999841e+01,1.293853080000000091e+02,1.009228339999999946e+00,2.000000000000000000e+00
6.431186726999999337e+01,2.632836900999999941e+01,5.095896417000000156e+01,3.798349825999999752e+01,1.061777510999999947e+02,3.118221288999999619e+00,2.000000000000000000e+00
4.448927476000000070e+01,2.178643263000000019e+01,3.147415391999999912e+01,2.270284211999999968e+01,1.137784936000000044e+02,-2.841293659999999943e-01,2.000000000000000000e+00
5.495097020000000754e+01,5.865353416000000486e+00,5.299999998999999917e+01,4.908561678000000228e+01,1.269703283000000056e+02,-6.316029509999999680e-01,2.000000000000000000e+00
5.610377351999999718e+01,1.310630665000000050e+01,6.263701952000000261e+01,4.299746686999999667e+01,1.162285032000000058e+02,3.117276727000000136e+01,2.000000000000000000e+00
6.939881839999999613e+01,1.889840693000000016e+01,7.596636144000000002e+01,5.050041147000000308e+01,1.035825397999999922e+02,-4.436608100000000166e-01,2.000000000000000000e+00
8.983467631000000608e+01,2.263921678000000171e+01,9.056346143999999754e+01,6.719545952999999372e+01,1.005011917000000068e+02,3.040973261000000427e+00,2.000000000000000000e+00
5.972614015999999992e+01,7.724872598999999340e+00,5.534348527000000217e+01,5.200126756000000228e+01,1.251742214000000217e+02,3.235159223999999778e+00,2.000000000000000000e+00
6.395952166000000005e+01,1.606094485999999932e+01,6.312373632999999984e+01,4.789857680000000073e+01,1.423601245000000119e+02,6.298970933999999744e+00,2.000000000000000000e+00
6.154059876000000173e+01,1.967695713000000168e+01,5.289222855999999950e+01,4.186364162999999650e+01,1.186862678000000102e+02,4.815031084000000128e+00,2.000000000000000000e+00
3.804655071999999905e+01,8.301669419999999633e+00,2.623683004000000096e+01,2.974488130000000297e+01,1.238034131999999943e+02,3.885773488000000331e+00,2.000000000000000000e+00
4.343645061000000140e+01,1.009574326000000077e+01,3.603222439000000321e+01,3.334070735000000241e+01,1.374396941999999910e+02,-3.114450861000000348e+00,2.000000000000000000e+00
6.561180231000000163e+01,2.313791922000000056e+01,6.258217892999999776e+01,4.247388309000000106e+01,1.241280012000000141e+02,-4.083298413999999710e+00,2.000000000000000000e+00
5.391105429000000271e+01,1.293931796000000034e+01,3.899999998999999917e+01,4.097173632999999882e+01,1.181930353999999994e+02,5.074353175999999799e+00,2.000000000000000000e+00
4.311795103000000040e+01,1.381574355000000054e+01,4.034738778999999909e+01,2.930220747999999986e+01,1.285177216999999814e+02,9.709264069999999913e-01,2.000000000000000000e+00
4.068322910000000547e+01,9.148437194999999633e+00,3.102159251999999867e+01,3.153479190999999915e+01,1.391184720999999911e+02,-2.511618595999999926e+00,2.000000000000000000e+00
3.773199189999999703e+01,9.386298275999999774e+00,4.199999998999999917e+01,2.834569361999999870e+01,1.357409260000000017e+02,1.368304672000000011e+01,2.000000000000000000e+00
6.392947002999999739e+01,1.997109671000000120e+01,4.017704962999999907e+01,4.395837331999999975e+01,1.130659387000000038e+02,-1.105817865999999938e+01,2.000000000000000000e+00
6.182162716999999930e+01,1.359710457000000083e+01,6.399999998999999917e+01,4.822452261000000107e+01,1.217798030000000011e+02,1.296191194000000158e+00,2.000000000000000000e+00
6.214080535000000083e+01,1.396097523000000074e+01,5.799999998999999917e+01,4.817983011999999832e+01,1.332818339000000094e+02,4.955105668999999935e+00,2.000000000000000000e+00
6.900491277000000423e+01,1.329178974999999951e+01,5.557014290000000045e+01,5.571312301999999761e+01,1.266116215000000125e+02,1.083201105000000020e+01,2.000000000000000000e+00
5.644702568000000298e+01,1.944449914999999862e+01,4.357784639999999854e+01,3.700252652999999725e+01,1.391896903000000236e+02,-1.859688529000000035e+00,2.000000000000000000e+00
4.164691589999999621e+01,8.835549100999999794e+00,3.603197483999999662e+01,3.281136680000000183e+01,1.165551679000000007e+02,-6.054537955999999888e+00,2.000000000000000000e+00
5.152935758999999649e+01,1.351784731999999956e+01,3.500000000000000000e+01,3.801151027000000227e+01,1.267185155999999893e+02,1.392833085000000004e+01,2.000000000000000000e+00
3.908726449000000258e+01,5.536602477000000633e+00,2.693203834999999913e+01,3.355066201000000348e+01,1.315844199000000003e+02,-7.594613500000000350e-01,2.000000000000000000e+00
3.464992241000000206e+01,7.514782783999999438e+00,4.299999998999999917e+01,2.713513962000000035e+01,1.239877408000000116e+02,-4.082937601000000249e+00,2.000000000000000000e+00
6.302630005000000324e+01,2.733624023000000136e+01,5.160501665000000315e+01,3.569005983000000271e+01,1.145066077999999976e+02,7.439869802000000476e+00,2.000000000000000000e+00
4.780555886999999871e+01,1.068869819000000021e+01,5.399999998999999917e+01,3.711686068000000205e+01,1.253911377999999957e+02,-4.025232179999999604e-01,2.000000000000000000e+00
4.663786362999999824e+01,1.585371710999999983e+01,3.999999998999999917e+01,3.078414653000000101e+01,1.193776025999999888e+02,9.064581679999999864e+00,2.000000000000000000e+00
4.982813486999999952e+01,1.673643493000000149e+01,2.800000000000000000e+01,3.309169993999999804e+01,1.214355584999999991e+02,1.913307040000000070e+00,2.000000000000000000e+00
4.731964754999999911e+01,8.573680295000000839e+00,3.556025197999999676e+01,3.874596726000000046e+01,1.205769719000000038e+02,1.630663508000000039e+00,2.000000000000000000e+00
5.075329024999999916e+01,2.023505957000000066e+01,3.700000000000000000e+01,3.051823067999999850e+01,1.223435159999999939e+02,2.288487745999999934e+00,2.000000000000000000e+00
3.615782981000000262e+01,-8.105140929999999910e-01,3.362731353000000212e+01,3.696834391000000153e+01,1.359369095999999786e+02,-2.092506504000000156e+00,2.000000000000000000e+00
4.074699611999999860e+01,1.835524270999999930e+00,4.999999998999999917e+01,3.891147184999999808e+01,1.392471501999999930e+02,6.685567929999999270e-01,2.000000000000000000e+00
4.291804051999999814e+01,-5.845994340999999928e+00,5.799999998999999917e+01,4.876403486000000242e+01,1.216068585999999954e+02,-3.362044653999999966e+00,2.000000000000000000e+00
6.379242525000000086e+01,2.134532339000000078e+01,6.599999999000000628e+01,4.244710185000000280e+01,1.195503908999999965e+02,1.238260372999999959e+01,2.000000000000000000e+00
7.295564396999999701e+01,1.957697145999999933e+01,6.100707117000000324e+01,5.337867251000000124e+01,1.112340467999999873e+02,8.134911540000000496e-01,2.000000000000000000e+00
6.753818153999999652e+01,1.465504222000000034e+01,5.800142908000000119e+01,5.288313931999999795e+01,1.236322597000000059e+02,2.597020630000000097e+01,2.000000000000000000e+00
5.475251965000000354e+01,9.752519648999999902e+00,4.799999998999999917e+01,4.500000000000000000e+01,1.230379985000000147e+02,8.235294117999998775e+00,2.000000000000000000e+00
5.016007802000000027e+01,-2.970024336999999903e+00,4.199999998999999917e+01,5.313010235000000137e+01,1.318024914000000081e+02,-8.290203372999998876e+00,2.000000000000000000e+00
4.034929636999999758e+01,1.019474845000000052e+01,3.796774658999999730e+01,3.015454791999999884e+01,1.280099272000000212e+02,4.589013729999999458e-01,2.000000000000000000e+00
6.361919213000000184e+01,1.693450780999999949e+01,4.934926217999999665e+01,4.668468432000000234e+01,1.170897469000000086e+02,-3.578119739999999771e-01,2.000000000000000000e+00
5.414240777999999921e+01,1.193511014000000081e+01,4.299999998999999917e+01,4.220729762999999934e+01,1.222090833999999973e+02,1.535492420000000025e-01,2.000000000000000000e+00
7.497602148000000000e+01,1.492170491999999982e+01,5.373007171999999798e+01,6.005431655999999663e+01,1.056453996999999987e+02,1.594747729000000058e+00,2.000000000000000000e+00
4.251727249000000342e+01,1.437567126000000073e+01,2.532356538000000157e+01,2.814160122999999913e+01,1.289056892000000119e+02,7.570201399999999525e-01,2.000000000000000000e+00
3.378884313999999733e+01,3.675109986000000273e+00,2.550000000000000000e+01,3.011373315000000161e+01,1.283253555999999946e+02,-1.776111234000000039e+00,2.000000000000000000e+00
5.450368530000000078e+01,6.819910137999999122e+00,4.699999998999999917e+01,4.768377516000000327e+01,1.117911722000000054e+02,-4.406769011000000624e+00,2.000000000000000000e+00
4.817074627000000220e+01,9.594216702000000652e+00,3.971092028999999712e+01,3.857652955999999733e+01,1.356233100999999976e+02,5.360050571999999569e+00,2.000000000000000000e+00
4.637408780999999891e+01,1.021590237000000023e+01,4.269999999000000201e+01,3.615818543999999690e+01,1.212476571999999919e+02,-5.420220100000000540e-01,2.000000000000000000e+00
5.286221391000000125e+01,9.410371612999998803e+00,4.698805181000000175e+01,4.345184229999999559e+01,1.230912395000000004e+02,1.856659160999999836e+00,2.000000000000000000e+00
5.714585149999999913e+01,1.648909145000000009e+01,4.284214764000000031e+01,4.065676005000000259e+01,1.138061774999999898e+02,5.015185699999999969e+00,2.000000000000000000e+00
3.714014978000000156e+01,1.648123972000000137e+01,2.400000000000000000e+01,2.065891006000000019e+01,1.250143609000000140e+02,7.366425397999999625e+00,2.000000000000000000e+00
5.131177105999999810e+01,8.875541275999999868e+00,5.699999998999999917e+01,4.243622978999999873e+01,1.264722584000000012e+02,-2.144043910999999802e+00,2.000000000000000000e+00
4.251561013999999972e+01,1.654121617999999927e+01,4.199999998999999917e+01,2.597439396000000045e+01,1.206319409999999976e+02,7.876730692000000644e+00,2.000000000000000000e+00
3.935870530999999772e+01,7.011261806000000263e+00,3.700000000000000000e+01,3.234744349999999713e+01,1.178187599000000176e+02,1.904048198999999997e+00,2.000000000000000000e+00
3.587757080000000087e+01,1.112373560999999844e+00,4.345725694000000061e+01,3.476519723999999911e+01,1.269239061999999905e+02,-1.632238263000000078e+00,2.000000000000000000e+00
4.319191529999999801e+01,9.976663802999999220e+00,2.893814927000000026e+01,3.321525148999999999e+01,1.234674000999999919e+02,1.741017578999999982e+00,2.000000000000000000e+00
6.728971201000000235e+01,1.671751420000000010e+01,5.099999998999999917e+01,5.057219779999999787e+01,1.375917776999999660e+02,4.960343812999999713e+00,2.000000000000000000e+00
5.132546365999999693e+01,1.363122319000000005e+01,3.325857781999999929e+01,3.769424046999999689e+01,1.313061224000000209e+02,1.788869650000000089e+00,2.000000000000000000e+00
6.575634820000000502e+01,1.320692644000000016e+01,4.399999998999999917e+01,5.254942177000000214e+01,1.293935727999999870e+02,-1.982120038000000140e+00,2.000000000000000000e+00
4.041336565999999664e+01,-1.329412397999999884e+00,3.098276809000000043e+01,4.174277805999999913e+01,1.193356545999999838e+02,-6.173674822999999812e+00,2.000000000000000000e+00
4.880190855000000028e+01,1.801776201999999927e+01,5.199999998999999917e+01,3.078414653000000101e+01,1.391504065999999966e+02,1.044286169000000086e+01,2.000000000000000000e+00
5.008615264000000167e+01,1.343004421999999920e+01,3.445754051000000118e+01,3.665610842000000247e+01,1.191346220999999872e+02,3.089484464999999958e+00,2.000000000000000000e+00
6.426150724000000025e+01,1.449786553999999938e+01,4.390250362999999822e+01,4.976364169000000004e+01,1.153882682999999929e+02,5.951454367999999384e+00,2.000000000000000000e+00
5.368337997999999800e+01,1.344702168000000064e+01,4.158429713000000305e+01,4.023635830999999996e+01,1.139137025999999793e+02,2.737035291999999842e+00,2.000000000000000000e+00
4.899595770999999900e+01,1.311382047000000028e+01,5.187351996999999670e+01,3.588213724999999954e+01,1.263981876000000000e+02,5.354716170000000108e-01,2.000000000000000000e+00
5.916761171000000274e+01,1.456274875000000080e+01,4.319915767999999900e+01,4.460486295999999840e+01,1.210356422999999921e+02,2.830504123999999955e+00,2.000000000000000000e+00
6.780469442000000413e+01,1.655066167000000021e+01,4.325680184000000139e+01,5.125403273999999954e+01,1.196856450999999879e+02,4.867539941000000425e+00,2.000000000000000000e+00
6.173487533000000127e+01,1.711431203000000068e+01,4.689999998999999775e+01,4.462056330000000059e+01,1.209201996999999977e+02,3.087725996999999722e+00,2.000000000000000000e+00
3.304168753999999808e+01,-3.246784589999999748e-01,1.907107460000000287e+01,3.336636599999999930e+01,1.203886111999999997e+02,9.354364925000000497e+00,2.000000000000000000e+00
7.456501543000000254e+01,1.572431994000000088e+01,5.861858243999999729e+01,5.884069549000000166e+01,1.054173040000000015e+02,5.992471129999999979e-01,2.000000000000000000e+00
4.443070103000000159e+01,1.417426387000000076e+01,3.224349519999999814e+01,3.025643716000000083e+01,1.317176127000000179e+02,-3.604255336000000032e+00,2.000000000000000000e+00
3.642248548999999969e+01,1.387942448999999989e+01,2.024256186999999940e+01,2.254306099999999802e+01,1.260768611999999962e+02,1.797170770000000029e-01,2.000000000000000000e+00
5.107983294000000285e+01,1.420993529000000066e+01,3.595122892999999920e+01,3.686989764999999863e+01,1.158037111000000010e+02,6.905089962999999109e+00,2.000000000000000000e+00
3.475673808999999892e+01,2.631739645999999766e+00,2.950438112000000146e+01,3.212499843999999882e+01,1.271398495000000111e+02,-4.608941979999999772e-01,2.000000000000000000e+00
4.890290433999999919e+01,5.587588657999999597e+00,5.549999998999999917e+01,4.331531567999999766e+01,1.371082885999999803e+02,1.985475918999999934e+01,2.000000000000000000e+00
4.623639914999999689e+01,1.006277009999999983e+01,3.700000000000000000e+01,3.617362905000000239e+01,1.280636202999999966e+02,-5.100053328000000441e+00,2.000000000000000000e+00
4.642636613999999895e+01,6.620795048999999821e+00,4.809999999000000059e+01,3.980557109000000082e+01,1.303500956000000031e+02,2.449382400999999820e+00,2.000000000000000000e+00
3.965690201000000314e+01,1.620883943999999843e+01,3.667485693999999796e+01,2.344806257999999843e+01,1.319220090000000027e+02,-4.968979881000000098e+00,2.000000000000000000e+00
4.557548228999999651e+01,1.875913544000000144e+01,3.377414296999999976e+01,2.681634684000000135e+01,1.167970069000000137e+02,3.131909921000000097e+00,2.000000000000000000e+00
6.650717865000000018e+01,2.089767206999999871e+01,3.172747138000000078e+01,4.560950658000000146e+01,1.289029049000000100e+02,1.517203356000000003e+00,2.000000000000000000e+00
8.290535054000000059e+01,2.989411893000000120e+01,5.825054220999999899e+01,5.301123161000000295e+01,1.107089576999999991e+02,6.079337831000000136e+00,2.000000000000000000e+00
5.067667666999999909e+01,6.461501271000000379e+00,3.500000000000000000e+01,4.421517539999999258e+01,1.165879699000000045e+02,-2.147106149999999936e-01,2.000000000000000000e+00
8.901487529000000620e+01,2.607598142999999880e+01,6.902125897000000521e+01,6.293889386000000030e+01,1.114810745999999995e+02,6.061508401000000212e+00,2.000000000000000000e+00
5.460031622000000340e+01,2.148897425999999911e+01,2.936021617999999833e+01,3.311134195999999719e+01,1.183433212000000054e+02,-1.471067261999999820e+00,2.000000000000000000e+00
3.438229939000000002e+01,2.062682881999999829e+00,3.239081996000000174e+01,3.231961651000000302e+01,1.283001990999999862e+02,-3.365515554999999992e+00,2.000000000000000000e+00
4.507545025999999666e+01,1.230695118000000043e+01,4.458317717999999985e+01,3.276849907999999800e+01,1.478946372000000054e+02,-8.941709421000000546e+00,2.000000000000000000e+00
4.790356517000000025e+01,1.361668818999999964e+01,3.600000000000000000e+01,3.428687698000000239e+01,1.174490622000000002e+02,-4.245395421999999641e+00,2.000000000000000000e+00
5.393674777999999748e+01,2.072149628000000021e+01,2.922053380999999916e+01,3.321525148999999999e+01,1.143658449999999931e+02,-4.210103920000000111e-01,2.000000000000000000e+00
6.144659663000000194e+01,2.269496830000000287e+01,4.617034731999999764e+01,3.875162833000000262e+01,1.256707245999999998e+02,-2.707879516999999847e+00,2.000000000000000000e+00
4.525279208999999980e+01,8.693157363999999276e+00,4.158312639999999760e+01,3.655963471999999825e+01,1.185458418000000052e+02,2.147501669999999918e-01,2.000000000000000000e+00
3.384164075000000338e+01,5.073991408999999564e+00,3.664123294000000186e+01,2.876764933999999840e+01,1.239452435999999977e+02,-1.992490889999999903e-01,2.000000000000000000e+00
